44
ag_1.jpg ag_10.jpg ag_2.jpg ag_3.jpg ag_4.jpg ag_5.jpg ag_6.jpg ag_7.jpg ag_8.jpg ag_9.jpg bg_1.jpg bg_10.jpg bg_2.jpg bg_3.jpg bg_4.jpg bg_5.jpg bg_6.jpg bg_7.jpg bg_8.jpg bg_9.jpg cg_1.jpg cg_10.jpg cg_2.jpg cg_3.jpg cg_4.jpg cg_5.jpg cg_6.jpg cg_7.jpg cg_8.jpg cg_9.jpg dg_1.jpg dg_2.jpg dg_3.jpg dg_4.jpg dg_5.jpg gg_1.jpg gg_2.jpg gg_3.jpg hg_1.jpg hg_2.jpg hg_3.jpg ig_1.jpg ig_2.jpg ig_3.jpg
0.0 0.0 0.0 0.0 0.0 0.0 0.0 0.0 0.0 0.0 1.0 1.0 1.0 1.0 1.0 1.0 1.0 1.0 1.0 1.0 2.0 2.0 2.0 2.0 2.0 2.0 2.0 2.0 2.0 2.0 3.0 3.0 3.0 3.0 3.0 4.0 4.0 4.0 5.0 5.0 5.0 6.0 6.0 6.0
88151.54
108845.43 27889.17
86648.81 70236.2 77337.95
28581.857 114131.01 135120.02 108756.81
123653.03 83423.555 72628.47 79137.96 144836.6
127474.766 78210.77 68005.66 49713.46 152104.86 63787.71
39202.703 66281.945 80150.74 64979.26 64527.11 88980.72 96184.19
26520.414 75858.875 95134.836 62507.984 50409.58 105214.68 104540.51 27827.564
61779.86 51015.188 59592.625 59550.41 88563.234 74519.26 78823.58 25103.016 47282.703
228561.81 252142.94 266522.03 225410.69 220401.17 270963.66 255810.06 245245.73 229572.62 256550.7
298274.94 314497.25 330546.62 283872.4 292202.16 340521.8 314477.78 316439.5 294518.53 326761.4 142939.61
269245.9 286859.44 302677.12 253487.61 263409.03 309913.75 284524.1 286488.4 264962.25 296856.03 116046.52 42350.402
214934.27 206597.9 226193.47 201838.67 219532.77 257160.75 228803.98 229502.55 208347.9 233529.86 206469.64 174233.72 166059.08
253936.55 247216.05 269044.66 276845.78 255214.98 317820.97 303517.34 275270.2 259431.47 279959.06 280067.2 271425.75 267412.25 142424.95
249099.55 258438.27 271443.8 215762.25 248849.28 274946.3 242456.25 259618.97 238571.84 266991.62 155751.33 94306.21 77385.71 150995.47 278175.34
240569.69 248744.3 262679.5 210016.8 240046.66 268382.62 237507.97 252007.48 230888.3 259448.02 139438.83 87222.77 68748.99 135369.48 261751.08 27555.104
298550.94 314765.5 330800.16 284080.38 292484.66 340735.62 314668.12 316694.4 294771.22 327012.25 143256.98 478.93216 42623.81 174454.47 271770.0 94250.42 87239.305
243833.02 233490.47 249544.33 214854.08 249168.6 270793.2 237977.75 254023.39 232652.62 257061.81 218327.19 158244.66 151227.22 62256.047 195528.28 119549.805 110755.44 158343.61
291330.66 290470.56 300976.2 258734.83 290586.94 306263.12 278724.62 300590.8 283510.94 306090.16 129707.52 89863.66 73165.19 188814.67 293287.1 97722.78 90527.23 89972.07 167173.53
472578.66 553434.3 574311.3 548886.4 445452.84 571415.5 593202.94 504651.34 493968.3 528116.75 499978.7 554450.2 541909.0 566389.5 541642.9 573836.3 566492.9 554692.44 597468.0 598352.2
132138.78 200038.0 217975.25 194894.58 109612.33 203252.8 233495.86 154628.56 147207.45 176187.53 238808.11 319672.6 291778.12 278712.2 301073.06 294098.75 284291.28 319964.7 306318.12 323569.22 372957.38
298783.8 371063.2 391219.72 369465.53 272136.0 381964.56 411244.2 328205.4 318136.3 350999.16 336399.84 401207.75 383395.66 397415.94 386215.0 409735.38 400210.9 401493.75 428107.22 430563.2 213554.33 181225.94
264942.1 318163.38 335294.5 322862.38 241837.3 332443.47 360482.38 290431.4 281708.16 310910.75 277843.03 336090.06 320353.97 338701.44 330965.7 348655.78 337960.62 336380.3 366639.78 356468.3 333088.06 175268.6 149809.88
168550.62 229483.88 245776.33 227806.56 146104.58 232926.14 265022.06 189989.17 183700.42 211326.61 247093.45 321784.88 297492.4 296390.03 312895.0 305307.47 295984.1 322068.16 322892.1 329884.9 365730.03 76032.65 166909.34 116663.98
373387.53 450238.78 470848.72 446992.25 346010.7 464070.8 490326.4 404315.5 393752.1 427832.94 402844.97 461083.72 446354.94 467893.75 450166.22 476387.66 468061.94 461348.38 498267.06 498774.66 133494.12 264362.56 92148.98 212372.33 245476.3
146901.45 209875.55 229648.84 217388.58 122949.65 233166.44 257427.31 175900.36 167203.97 197370.44 231212.64 306978.44 283191.16 267706.28 267418.5 295908.34 284291.12 307310.16 302035.56 318019.1 360066.34 72534.336 170245.78 127872.445 65043.652 249213.92
197672.53 284439.38 304785.78 267634.25 173105.31 306924.16 313284.78 229565.1 215813.73 253449.89 289401.34 344863.97 324234.78 323220.78 340960.25 326473.44 322415.7 345092.2 349867.1 376800.53 305158.34 160940.23 193488.08 231558.9 174342.77 230277.1 161527.17
220510.72 307344.5 326321.06 290208.75 196387.88 326331.88 334257.34 250372.25 239018.06 273834.97 308387.53 369983.16 348977.34 354784.53 370958.5 352664.6 349053.78 370209.7 381192.1 400446.2 289612.72 178251.66 194680.12 243491.27 189519.98 222451.48 180610.4 34158.977
221276.34 292309.56 311765.12 292829.75 194469.7 308273.66 334523.1 250970.2 241566.11 273927.2 275399.3 346700.2 326085.28 332768.88 327543.78 347239.5 337178.6 347003.12 364324.47 368962.25 280690.44 115471.75 92043.305 101828.33 92707.88 167027.98 85351.336 150634.73 159900.23
301644.88 254846.44 251337.97 259041.88 314202.0 255084.1 247380.92 288858.34 289143.06 279884.6 314634.34 351919.97 324314.53 289674.78 343330.1 311018.1 301472.4 352130.8 285874.8 289314.66 686632.7 354180.9 499301.8 422707.5 372369.1 579554.5 359806.16 464010.22 487144.94 430056.06
321811.28 279795.9 277615.2 284059.72 332803.4 278372.16 274813.75 310504.72 310088.2 302836.75 335895.56 369915.94 342991.9 308087.75 358110.47 331765.38 321944.84 370126.9 303954.38 310930.94 689418.7 365209.88 504010.75 430842.28 383863.06 583675.75 372162.94 476546.62 499683.5 438582.9 75895.58
339220.16 294825.34 290205.4 296767.47 351754.06 287299.03 283462.78 324680.25 325649.62 315597.94 365166.78 396578.28 371909.66 330080.8 387551.44 352060.28 342633.56 396736.3 324762.25 340460.44 714488.44 387306.03 530475.7 460409.94 408057.1 610530.9 398847.1 495777.5 518753.9 465051.47 134115.72 76597.17
298522.8 244555.08 237172.16 243952.62 314661.25 236859.44 224253.75 279909.25 282118.25 267888.6 327086.3 363904.97 337268.06 292235.28 360875.5 311200.84 302125.7 364072.97 286249.75 302536.97 709778.44 365027.34 521419.25 447694.28 385034.97 602153.8 377155.66 468888.62 491874.94 450042.2 116778.516 98883.375 87549.76
302007.53 250731.48 243710.84 252681.12 317131.25 240443.81 234435.72 284013.34 286854.78 272588.2 336922.7 376892.97 349008.72 305281.03 366875.72 325991.7 317103.0 377077.06 300827.53 315696.56 702120.5 359817.5 514002.84 443868.38 383047.2 596117.56 373709.16 470660.94 493284.56 444860.75 102222.89 72586.836 64549.58 46886.28
305477.34 366553.84 386777.38 365907.16 283222.22 377480.3 404374.97 332503.25 321549.25 351694.75 330035.44 394383.4 374857.97 381199.7 370255.3 402605.28 391219.7 394684.56 411296.3 415611.44 278621.03 195315.25 140202.95 227381.4 224252.28 203440.12 204803.28 249616.34 257298.16 168367.83 469375.78 470429.5 496600.66 497139.25 481838.3
408925.72 483563.6 503669.47 480256.9 382556.56 497923.78 522818.94 439415.78 428827.22 461838.06 433252.6 488785.0 474592.66 497278.97 476625.1 505960.38 497680.78 489036.16 526598.6 525450.75 135241.67 299023.22 155052.55 271671.62 302497.56 132238.56 291584.7 275012.62 267857.72 217526.2 604921.9 605487.25 629719.4 630409.2 617876.8 170177.62
365680.38 427084.28 443660.75 433295.4 340926.75 445879.0 472232.88 393247.5 386041.84 414790.62 383388.66 435361.06 424792.5 449320.34 423436.4 456440.12 447962.16 435619.34 478979.72 467260.1 266673.25 277118.44 175502.33 137729.19 224769.17 179360.84 229977.14 270881.1 270158.84 170673.69 546054.1 552527.8 579921.0 570345.4 566266.5 281612.56 237126.9
268905.66 336147.75 356185.72 333437.66 244990.47 342500.9 372927.03 295641.84 285555.94 316457.4 315243.34 384441.8 363192.7 367467.84 364105.62 384784.4 374391.75 384737.62 397246.4 405521.1 267192.75 147653.1 88675.46 187897.38 168151.86 167430.45 162380.6 202760.73 209610.39 117487.69 458893.06 462071.44 487035.22 480310.16 469245.44 75332.76 180552.8 249485.62
242391.92 306762.9 326609.97 303707.2 218094.12 311781.7 343274.38 268486.38 257957.61 289746.56 281960.84 350500.4 328892.75 336373.78 339341.84 350518.88 339738.94 350800.0 364357.38 369280.5 297764.66 119090.914 89803.836 137268.89 115329.63 176851.53 124725.61 195059.98 206252.22 86849.484 424502.78 429975.66 457565.25 445698.1 438518.03 133099.81 225513.05 225159.1 71193.55
268619.22 335835.34 355867.56 333125.34 244706.81 342169.38 372607.2 295343.7 285262.28 316157.34 314927.1 384179.4 362926.38 367195.56 363897.5 384503.0 374097.47 384475.0 396979.0 405225.2 267480.2 147329.83 88750.81 187674.72 167838.8 167636.81 162085.11 202682.98 209563.48 117294.52 458605.8 461794.22 486740.2 479992.56 468941.25 75438.82 180821.73 249439.78 404.77155 70943.414
266355.0 332242.06 352816.84 330226.8 243344.27 338713.84 369225.75 292729.66 282494.47 313064.66 315579.75 384981.53 363252.5 362989.44 358975.03 384138.94 373562.94 385289.28 393482.9 405440.94 278508.94 149544.88 98596.9 196210.84 168776.14 173284.58 166459.56 205780.94 213490.34 128732.12 455802.47 460461.38 487337.0 477403.9 468065.47 102740.875 206871.44 264377.5 41643.89 66738.47 41676.53
349901.1 425904.22 443703.44 419376.4 325312.44 439173.88 460170.62 377812.28 369218.34 399432.3 401396.56 463530.28 445722.62 462313.1 453972.22 466016.1 459393.8 463761.34 490275.34 493871.12 202337.67 257776.17 180412.81 272744.2 274500.12 189687.02 257639.11 222298.67 213408.52 200064.12 563614.8 566129.8 584691.25 582353.56 569653.75 181631.05 114026.375 254369.6 186240.12 231475.11 186380.66 219715.27
186302.62 254899.88 274033.8 251431.2 164754.8 263972.03 289941.47 211484.28 202914.16 231434.16 274132.62 352707.4 326611.75 314911.47 322879.56 335974.44 326006.62 353008.12 345588.38 363803.78 329037.1 86700.516 159923.6 209438.67 145212.94 238846.36 121977.89 165342.81 177519.06 126137.62 400154.44 407541.62 429308.84 416113.38 405463.66 129357.414 243634.81 288273.16 99825.39 119008.89 99606.375 112801.05 200625.94
